Expert Matrix 1:
0 4 3 3 5 3 3 4 0 1
6 0 3 4 4 3 4 5 0 0
5 5 0 4 3 3 3 4 0 4
3 6 4 0 4 5 5 3 3 4
4 5 6 4 0 3 4 3 2 3
3 2 2 3 5 0 5 4 1 4
4 5 4 4 4 4 0 5 4 5
4 4 5 5 4 5 4 0 3 4
0 0 0 4 6 3 2 2 0 5
3 4 4 5 4 4 5 5 5 0

Expert 1 IFN Matrix :
(0.10, 0.90) (0.65, 0.25) (0.50, 0.50) (0.50, 0.50) (0.80, 0.05) (0.50, 0.50) (0.50, 0.50) (0.65, 0.25) (0.10, 0.90) (0.20, 0.65)
(0.90, 0.10) (0.10, 0.90) (0.50, 0.50) (0.65, 0.25) (0.65, 0.25) (0.50, 0.50) (0.65, 0.25) (0.80, 0.05) (0.10, 0.90) (0.10, 0.90)
(0.80, 0.05) (0.80, 0.05) (0.10, 0.90) (0.65, 0.25) (0.50, 0.50) (0.50, 0.50) (0.50, 0.50) (0.65, 0.25) (0.10, 0.90) (0.65, 0.25)
(0.50, 0.50) (0.90, 0.10) (0.65, 0.25) (0.10, 0.90) (0.65, 0.25) (0.80, 0.05) (0.80, 0.05) (0.50, 0.50) (0.50, 0.50) (0.65, 0.25)
(0.65, 0.25) (0.80, 0.05) (0.90, 0.10) (0.65, 0.25) (0.10, 0.90) (0.50, 0.50) (0.65, 0.25) (0.50, 0.50) (0.30, 0.55) (0.50, 0.50)
(0.50, 0.50) (0.30, 0.55) (0.30, 0.55) (0.50, 0.50) (0.80, 0.05) (0.10, 0.90) (0.80, 0.05) (0.65, 0.25) (0.20, 0.65) (0.65, 0.25)
(0.65, 0.25) (0.80, 0.05) (0.65, 0.25) (0.65, 0.25) (0.65, 0.25) (0.65, 0.25) (0.10, 0.90) (0.80, 0.05) (0.65, 0.25) (0.80, 0.05)
(0.65, 0.25) (0.65, 0.25) (0.80, 0.05) (0.80, 0.05) (0.65, 0.25) (0.80, 0.05) (0.65, 0.25) (0.10, 0.90) (0.50, 0.50) (0.65, 0.25)
(0.10, 0.90) (0.10, 0.90) (0.10, 0.90) (0.65, 0.25) (0.90, 0.10) (0.50, 0.50) (0.30, 0.55) (0.30, 0.55) (0.10, 0.90) (0.80, 0.05)
(0.50, 0.50) (0.65, 0.25) (0.65, 0.25) (0.80, 0.05) (0.65, 0.25) (0.65, 0.25) (0.80, 0.05) (0.80, 0.05) (0.80, 0.05) (0.10, 0.90)

Expert Matrix 2:
0 0 4 5 4 2 5 6 2 6
2 0 6 4 5 2 5 6 3 6
3 3 0 3 4 3 4 5 3 5
3 5 2 0 5 5 6 6 4 5
4 6 3 6 0 4 6 3 4 5
4 2 2 6 6 0 5 4 3 6
1 3 4 4 3 3 0 4 4 4
2 4 3 4 3 2 4 0 5 5
6 4 5 5 4 6 6 3 0 6
5 5 6 6 5 6 6 5 6 0

Expert 2 IFN Matrix :
(0.10, 0.90) (0.10, 0.90) (0.65, 0.25) (0.80, 0.05) (0.65, 0.25) (0.30, 0.55) (0.80, 0.05) (0.90, 0.10) (0.30, 0.55) (0.90, 0.10)
(0.30, 0.55) (0.10, 0.90) (0.90, 0.10) (0.65, 0.25) (0.80, 0.05) (0.30, 0.55) (0.80, 0.05) (0.90, 0.10) (0.50, 0.50) (0.90, 0.10)
(0.50, 0.50) (0.50, 0.50) (0.10, 0.90) (0.50, 0.50) (0.65, 0.25) (0.50, 0.50) (0.65, 0.25) (0.80, 0.05) (0.50, 0.50) (0.80, 0.05)
(0.50, 0.50) (0.80, 0.05) (0.30, 0.55) (0.10, 0.90) (0.80, 0.05) (0.80, 0.05) (0.90, 0.10) (0.90, 0.10) (0.65, 0.25) (0.80, 0.05)
(0.65, 0.25) (0.90, 0.10) (0.50, 0.50) (0.90, 0.10) (0.10, 0.90) (0.65, 0.25) (0.90, 0.10) (0.50, 0.50) (0.65, 0.25) (0.80, 0.05)
(0.65, 0.25) (0.30, 0.55) (0.30, 0.55) (0.90, 0.10) (0.90, 0.10) (0.10, 0.90) (0.80, 0.05) (0.65, 0.25) (0.50, 0.50) (0.90, 0.10)
(0.20, 0.65) (0.50, 0.50) (0.65, 0.25) (0.65, 0.25) (0.50, 0.50) (0.50, 0.50) (0.10, 0.90) (0.65, 0.25) (0.65, 0.25) (0.65, 0.25)
(0.30, 0.55) (0.65, 0.25) (0.50, 0.50) (0.65, 0.25) (0.50, 0.50) (0.30, 0.55) (0.65, 0.25) (0.10, 0.90) (0.80, 0.05) (0.80, 0.05)
(0.90, 0.10) (0.65, 0.25) (0.80, 0.05) (0.80, 0.05) (0.65, 0.25) (0.90, 0.10) (0.90, 0.10) (0.50, 0.50) (0.10, 0.90) (0.90, 0.10)
(0.80, 0.05) (0.80, 0.05) (0.90, 0.10) (0.90, 0.10) (0.80, 0.05) (0.90, 0.10) (0.90, 0.10) (0.80, 0.05) (0.90, 0.10) (0.10, 0.90)

Expert Matrix 3:
0 6 4 0 0 6 4 0 3 5
0 0 5 0 3 6 5 0 4 6
0 0 0 6 6 4 6 6 6 6
5 6 6 0 6 0 6 6 6 6
5 6 6 6 0 0 6 6 6 6
4 5 6 6 5 0 6 4 6 6
0 4 0 6 4 0 0 3 6 4
0 0 5 6 5 6 6 0 3 6
0 0 5 5 4 5 4 0 0 6
6 6 6 6 6 6 5 6 6 0

Expert 3 IFN Matrix :
(0.10, 0.90) (0.90, 0.10) (0.65, 0.25) (0.10, 0.90) (0.10, 0.90) (0.90, 0.10) (0.65, 0.25) (0.10, 0.90) (0.50, 0.50) (0.80, 0.05)
(0.10, 0.90) (0.10, 0.90) (0.80, 0.05) (0.10, 0.90) (0.50, 0.50) (0.90, 0.10) (0.80, 0.05) (0.10, 0.90) (0.65, 0.25) (0.90, 0.10)
(0.10, 0.90) (0.10, 0.90) (0.10, 0.90) (0.90, 0.10) (0.90, 0.10) (0.65, 0.25) (0.90, 0.10) (0.90, 0.10) (0.90, 0.10) (0.90, 0.10)
(0.80, 0.05) (0.90, 0.10) (0.90, 0.10) (0.10, 0.90) (0.90, 0.10) (0.10, 0.90) (0.90, 0.10) (0.90, 0.10) (0.90, 0.10) (0.90, 0.10)
(0.80, 0.05) (0.90, 0.10) (0.90, 0.10) (0.90, 0.10) (0.10, 0.90) (0.10, 0.90) (0.90, 0.10) (0.90, 0.10) (0.90, 0.10) (0.90, 0.10)
(0.65, 0.25) (0.80, 0.05) (0.90, 0.10) (0.90, 0.10) (0.80, 0.05) (0.10, 0.90) (0.90, 0.10) (0.65, 0.25) (0.90, 0.10) (0.90, 0.10)
(0.10, 0.90) (0.65, 0.25) (0.10, 0.90) (0.90, 0.10) (0.65, 0.25) (0.10, 0.90) (0.10, 0.90) (0.50, 0.50) (0.90, 0.10) (0.65, 0.25)
(0.10, 0.90) (0.10, 0.90) (0.80, 0.05) (0.90, 0.10) (0.80, 0.05) (0.90, 0.10) (0.90, 0.10) (0.10, 0.90) (0.50, 0.50) (0.90, 0.10)
(0.10, 0.90) (0.10, 0.90) (0.80, 0.05) (0.80, 0.05) (0.65, 0.25) (0.80, 0.05) (0.65, 0.25) (0.10, 0.90) (0.10, 0.90) (0.90, 0.10)
(0.90, 0.10) (0.90, 0.10) (0.90, 0.10) (0.90, 0.10) (0.90, 0.10) (0.90, 0.10) (0.80, 0.05) (0.90, 0.10) (0.90, 0.10) (0.10, 0.90)

Expert Matrix 4:
0 3 0 6 6 6 6 0 0 6
3 0 6 6 6 6 6 0 0 6
3 6 0 6 6 1 6 1 1 5
0 0 1 0 6 3 6 6 0 0
0 0 0 0 0 0 1 6 1 1
3 3 6 6 5 0 3 6 6 0
0 0 0 0 0 0 0 5 1 1
3 3 6 6 6 6 2 0 6 0
0 0 0 0 0 0 0 0 0 0
3 3 6 6 6 6 6 3 0 0

Expert 4 IFN Matrix :
(0.10, 0.90) (0.50, 0.50) (0.10, 0.90) (0.90, 0.10) (0.90, 0.10) (0.90, 0.10) (0.90, 0.10) (0.10, 0.90) (0.10, 0.90) (0.90, 0.10)
(0.50, 0.50) (0.10, 0.90) (0.90, 0.10) (0.90, 0.10) (0.90, 0.10) (0.90, 0.10) (0.90, 0.10) (0.10, 0.90) (0.10, 0.90) (0.90, 0.10)
(0.50, 0.50) (0.90, 0.10) (0.10, 0.90) (0.90, 0.10) (0.90, 0.10) (0.20, 0.65) (0.90, 0.10) (0.20, 0.65) (0.20, 0.65) (0.80, 0.05)
(0.10, 0.90) (0.10, 0.90) (0.20, 0.65) (0.10, 0.90) (0.90, 0.10) (0.50, 0.50) (0.90, 0.10) (0.90, 0.10) (0.10, 0.90) (0.10, 0.90)
(0.10, 0.90) (0.10, 0.90) (0.10, 0.90) (0.10, 0.90) (0.10, 0.90) (0.10, 0.90) (0.20, 0.65) (0.90, 0.10) (0.20, 0.65) (0.20, 0.65)
(0.50, 0.50) (0.50, 0.50) (0.90, 0.10) (0.90, 0.10) (0.80, 0.05) (0.10, 0.90) (0.50, 0.50) (0.90, 0.10) (0.90, 0.10) (0.10, 0.90)
(0.10, 0.90) (0.10, 0.90) (0.10, 0.90) (0.10, 0.90) (0.10, 0.90) (0.10, 0.90) (0.10, 0.90) (0.80, 0.05) (0.20, 0.65) (0.20, 0.65)
(0.50, 0.50) (0.50, 0.50) (0.90, 0.10) (0.90, 0.10) (0.90, 0.10) (0.90, 0.10) (0.30, 0.55) (0.10, 0.90) (0.90, 0.10) (0.10, 0.90)
(0.10, 0.90) (0.10, 0.90) (0.10, 0.90) (0.10, 0.90) (0.10, 0.90) (0.10, 0.90) (0.10, 0.90) (0.10, 0.90) (0.10, 0.90) (0.10, 0.90)
(0.50, 0.50) (0.50, 0.50) (0.90, 0.10) (0.90, 0.10) (0.90, 0.10) (0.90, 0.10) (0.90, 0.10) (0.50, 0.50) (0.10, 0.90) (0.10, 0.90)

Expert Matrix 5:
0 6 4 3 6 5 5 6 5 5
6 0 0 1 6 6 6 1 1 6
4 0 0 6 5 5 6 6 4 2
3 1 6 0 4 4 4 5 3 5
6 6 5 4 0 6 6 6 6 6
5 6 5 4 6 0 1 1 1 1
5 6 6 4 6 1 0 6 6 6
6 1 6 5 6 1 6 0 6 6
5 1 4 3 6 1 6 6 0 5
6 6 2 5 6 1 6 6 5 0

Expert 5 IFN Matrix :
(0.10, 0.90) (0.90, 0.10) (0.65, 0.25) (0.50, 0.50) (0.90, 0.10) (0.80, 0.05) (0.80, 0.05) (0.90, 0.10) (0.80, 0.05) (0.80, 0.05)
(0.90, 0.10) (0.10, 0.90) (0.10, 0.90) (0.20, 0.65) (0.90, 0.10) (0.90, 0.10) (0.90, 0.10) (0.20, 0.65) (0.20, 0.65) (0.90, 0.10)
(0.65, 0.25) (0.10, 0.90) (0.10, 0.90) (0.90, 0.10) (0.80, 0.05) (0.80, 0.05) (0.90, 0.10) (0.90, 0.10) (0.65, 0.25) (0.30, 0.55)
(0.50, 0.50) (0.20, 0.65) (0.90, 0.10) (0.10, 0.90) (0.65, 0.25) (0.65, 0.25) (0.65, 0.25) (0.80, 0.05) (0.50, 0.50) (0.80, 0.05)
(0.90, 0.10) (0.90, 0.10) (0.80, 0.05) (0.65, 0.25) (0.10, 0.90) (0.90, 0.10) (0.90, 0.10) (0.90, 0.10) (0.90, 0.10) (0.90, 0.10)
(0.80, 0.05) (0.90, 0.10) (0.80, 0.05) (0.65, 0.25) (0.90, 0.10) (0.10, 0.90) (0.20, 0.65) (0.20, 0.65) (0.20, 0.65) (0.20, 0.65)
(0.80, 0.05) (0.90, 0.10) (0.90, 0.10) (0.65, 0.25) (0.90, 0.10) (0.20, 0.65) (0.10, 0.90) (0.90, 0.10) (0.90, 0.10) (0.90, 0.10)
(0.90, 0.10) (0.20, 0.65) (0.90, 0.10) (0.80, 0.05) (0.90, 0.10) (0.20, 0.65) (0.90, 0.10) (0.10, 0.90) (0.90, 0.10) (0.90, 0.10)
(0.80, 0.05) (0.20, 0.65) (0.65, 0.25) (0.50, 0.50) (0.90, 0.10) (0.20, 0.65) (0.90, 0.10) (0.90, 0.10) (0.10, 0.90) (0.80, 0.05)
(0.90, 0.10) (0.90, 0.10) (0.30, 0.55) (0.80, 0.05) (0.90, 0.10) (0.20, 0.65) (0.90, 0.10) (0.90, 0.10) (0.80, 0.05) (0.10, 0.90)

IFPIO Matrix (Intuitionistic Fuzzy Positive Ideal Opinion Matrix):
(   0.10000,    0.90000) (   0.48314,    0.50283) (   0.42417,    0.53780) (   0.44777,    0.53657) (   0.53076,    0.43473) (   0.62738,    0.29583) (   0.71526,    0.21160) (   0.35017,    0.63966) (   0.26052,    0.70760) (   0.63553,    0.23862)
(   0.41392,    0.55112) (   0.10000,    0.90000) (   0.50363,    0.47876) (   0.37689,    0.55364) (   0.73230,    0.22008) (   0.64234,    0.30340) (   0.80448,    0.11326) (   0.27019,    0.68724) (   0.23045,    0.73477) (   0.57995,    0.42005)
(   0.41955,    0.55317) (   0.32453,    0.66412) (   0.10000,    0.90000) (   0.74976,    0.22847) (   0.73230,    0.22008) (   0.48194,    0.42594) (   0.74976,    0.22847) (   0.60968,    0.27378) (   0.35763,    0.58841) (   0.64579,    0.22804)
(   0.39811,    0.58797) (   0.41930,    0.51465) (   0.50108,    0.37459) (   0.10000,    0.90000) (   0.77176,    0.15420) (   0.46091,    0.49196) (   0.82366,    0.12279) (   0.78155,    0.19112) (   0.42956,    0.55797) (   0.51840,    0.42859)
(   0.49732,    0.45497) (   0.56645,    0.41374) (   0.50363,    0.47876) (   0.50917,    0.46084) (   0.10000,    0.90000) (   0.31133,    0.67963) (   0.62421,    0.28159) (   0.71143,    0.28857) (   0.50108,    0.37459) (   0.57852,    0.33035)
(   0.61006,    0.33141) (   0.50363,    0.38698) (   0.56645,    0.31051) (   0.74976,    0.22847) (   0.83859,    0.07032) (   0.10000,    0.90000) (   0.56505,    0.32307) (   0.54803,    0.33212) (   0.43843,    0.45157) (   0.40224,    0.53706)
(   0.25317,    0.69844) (   0.47189,    0.49743) (   0.32811,    0.65257) (   0.47709,    0.48014) (   0.45270,    0.52063) (   0.23045,    0.73477) (   0.10000,    0.90000) (   0.71526,    0.21160) (   0.58488,    0.30732) (   0.57127,    0.29979)
(   0.38784,    0.56719) (   0.33509,    0.60314) (   0.76336,    0.18233) (   0.80448,    0.11326) (   0.73230,    0.22008) (   0.52233,    0.34431) (   0.63429,    0.27161) (   0.10000,    0.90000) (   0.69487,    0.28083) (   0.53076,    0.43473)
(   0.23522,    0.75656) (   0.16703,    0.80777) (   0.33406,    0.63178) (   0.46091,    0.49196) (   0.50917,    0.46084) (   0.37279,    0.56848) (   0.43622,    0.51320) (   0.26673,    0.71074) (   0.10000,    0.90000) (   0.55326,    0.40737)
(   0.69487,    0.28083) (   0.73230,    0.22008) (   0.67694,    0.24456) (   0.85858,    0.08032) (   0.82366,    0.12279) (   0.62421,    0.28159) (   0.85858,    0.08032) (   0.76336,    0.18233) (   0.55326,    0.40737) (   0.10000,    0.90000)

IFNIO Matrix (Intuitionistic Fuzzy Negative Ideal Opinion Matrix):
(   0.90000,    0.10000) (   0.50283,    0.48314) (   0.53780,    0.42417) (   0.53657,    0.44777) (   0.43473,    0.53076) (   0.29583,    0.62738) (   0.21160,    0.71526) (   0.63966,    0.35017) (   0.70760,    0.26052) (   0.23862,    0.63553)
(   0.55112,    0.41392) (   0.90000,    0.10000) (   0.47876,    0.50363) (   0.55364,    0.37689) (   0.22008,    0.73230) (   0.30340,    0.64234) (   0.11326,    0.80448) (   0.68724,    0.27019) (   0.73477,    0.23045) (   0.42005,    0.57995)
(   0.55317,    0.41955) (   0.66412,    0.32453) (   0.90000,    0.10000) (   0.22847,    0.74976) (   0.22008,    0.73230) (   0.42594,    0.48194) (   0.22847,    0.74976) (   0.27378,    0.60968) (   0.58841,    0.35763) (   0.22804,    0.64579)
(   0.58797,    0.39811) (   0.51465,    0.41930) (   0.37459,    0.50108) (   0.90000,    0.10000) (   0.15420,    0.77176) (   0.49196,    0.46091) (   0.12279,    0.82366) (   0.19112,    0.78155) (   0.55797,    0.42956) (   0.42859,    0.51840)
(   0.45497,    0.49732) (   0.41374,    0.56645) (   0.47876,    0.50363) (   0.46084,    0.50917) (   0.90000,    0.10000) (   0.67963,    0.31133) (   0.28159,    0.62421) (   0.28857,    0.71143) (   0.37459,    0.50108) (   0.33035,    0.57852)
(   0.33141,    0.61006) (   0.38698,    0.50363) (   0.31051,    0.56645) (   0.22847,    0.74976) (   0.07032,    0.83859) (   0.90000,    0.10000) (   0.32307,    0.56505) (   0.33212,    0.54803) (   0.45157,    0.43843) (   0.53706,    0.40224)
(   0.69844,    0.25317) (   0.49743,    0.47189) (   0.65257,    0.32811) (   0.48014,    0.47709) (   0.52063,    0.45270) (   0.73477,    0.23045) (   0.90000,    0.10000) (   0.21160,    0.71526) (   0.30732,    0.58488) (   0.29979,    0.57127)
(   0.56719,    0.38784) (   0.60314,    0.33509) (   0.18233,    0.76336) (   0.11326,    0.80448) (   0.22008,    0.73230) (   0.34431,    0.52233) (   0.27161,    0.63429) (   0.90000,    0.10000) (   0.28083,    0.69487) (   0.43473,    0.53076)
(   0.75656,    0.23522) (   0.80777,    0.16703) (   0.63178,    0.33406) (   0.49196,    0.46091) (   0.46084,    0.50917) (   0.56848,    0.37279) (   0.51320,    0.43622) (   0.71074,    0.26673) (   0.90000,    0.10000) (   0.40737,    0.55326)
(   0.28083,    0.69487) (   0.22008,    0.73230) (   0.24456,    0.67694) (   0.08032,    0.85858) (   0.12279,    0.82366) (   0.28159,    0.62421) (   0.08032,    0.85858) (   0.18233,    0.76336) (   0.40737,    0.55326) (   0.90000,    0.10000)

IFLNIO Matrix (Intuitionistic Fuzzy Left Negative Ideal Opinion Matrix):
(   0.10000,    0.90000) (   0.10000,    0.90000) (   0.10000,    0.90000) (   0.10000,    0.90000) (   0.10000,    0.90000) (   0.30000,    0.55000) (   0.50000,    0.50000) (   0.10000,    0.90000) (   0.10000,    0.90000) (   0.20000,    0.65000)
(   0.10000,    0.90000) (   0.10000,    0.90000) (   0.10000,    0.90000) (   0.10000,    0.90000) (   0.50000,    0.50000) (   0.30000,    0.55000) (   0.65000,    0.25000) (   0.10000,    0.90000) (   0.10000,    0.90000) (   0.10000,    0.90000)
(   0.10000,    0.90000) (   0.10000,    0.90000) (   0.10000,    0.90000) (   0.50000,    0.50000) (   0.50000,    0.50000) (   0.20000,    0.65000) (   0.50000,    0.50000) (   0.20000,    0.65000) (   0.10000,    0.90000) (   0.30000,    0.55000)
(   0.10000,    0.90000) (   0.10000,    0.90000) (   0.20000,    0.65000) (   0.10000,    0.90000) (   0.65000,    0.25000) (   0.10000,    0.90000) (   0.65000,    0.25000) (   0.50000,    0.50000) (   0.10000,    0.90000) (   0.10000,    0.90000)
(   0.10000,    0.90000) (   0.10000,    0.90000) (   0.10000,    0.90000) (   0.10000,    0.90000) (   0.10000,    0.90000) (   0.10000,    0.90000) (   0.20000,    0.65000) (   0.50000,    0.50000) (   0.20000,    0.65000) (   0.20000,    0.65000)
(   0.50000,    0.50000) (   0.30000,    0.55000) (   0.30000,    0.55000) (   0.50000,    0.50000) (   0.80000,    0.10000) (   0.10000,    0.90000) (   0.20000,    0.65000) (   0.20000,    0.65000) (   0.20000,    0.65000) (   0.10000,    0.90000)
(   0.10000,    0.90000) (   0.10000,    0.90000) (   0.10000,    0.90000) (   0.10000,    0.90000) (   0.10000,    0.90000) (   0.10000,    0.90000) (   0.10000,    0.90000) (   0.50000,    0.50000) (   0.20000,    0.65000) (   0.20000,    0.65000)
(   0.10000,    0.90000) (   0.10000,    0.90000) (   0.50000,    0.50000) (   0.65000,    0.25000) (   0.50000,    0.50000) (   0.20000,    0.65000) (   0.30000,    0.55000) (   0.10000,    0.90000) (   0.50000,    0.50000) (   0.10000,    0.90000)
(   0.10000,    0.90000) (   0.10000,    0.90000) (   0.10000,    0.90000) (   0.10000,    0.90000) (   0.10000,    0.90000) (   0.10000,    0.90000) (   0.10000,    0.90000) (   0.10000,    0.90000) (   0.10000,    0.90000) (   0.10000,    0.90000)
(   0.50000,    0.50000) (   0.50000,    0.50000) (   0.30000,    0.55000) (   0.80000,    0.10000) (   0.65000,    0.25000) (   0.20000,    0.65000) (   0.80000,    0.10000) (   0.50000,    0.50000) (   0.10000,    0.90000) (   0.10000,    0.90000)

IFRNIO Matrix (Intuitionistic Fuzzy Right Negative Ideal Opinion Matrix):
(   0.10000,    0.90000) (   0.90000,    0.10000) (   0.65000,    0.25000) (   0.90000,    0.05000) (   0.90000,    0.05000) (   0.90000,    0.05000) (   0.90000,    0.05000) (   0.90000,    0.10000) (   0.80000,    0.05000) (   0.90000,    0.05000)
(   0.90000,    0.10000) (   0.10000,    0.90000) (   0.90000,    0.05000) (   0.90000,    0.10000) (   0.90000,    0.05000) (   0.90000,    0.10000) (   0.90000,    0.05000) (   0.90000,    0.05000) (   0.65000,    0.25000) (   0.90000,    0.10000)
(   0.80000,    0.05000) (   0.90000,    0.05000) (   0.10000,    0.90000) (   0.90000,    0.10000) (   0.90000,    0.05000) (   0.80000,    0.05000) (   0.90000,    0.10000) (   0.90000,    0.05000) (   0.90000,    0.10000) (   0.90000,    0.05000)
(   0.80000,    0.05000) (   0.90000,    0.05000) (   0.90000,    0.10000) (   0.10000,    0.90000) (   0.90000,    0.05000) (   0.80000,    0.05000) (   0.90000,    0.05000) (   0.90000,    0.05000) (   0.90000,    0.10000) (   0.90000,    0.05000)
(   0.90000,    0.05000) (   0.90000,    0.05000) (   0.90000,    0.05000) (   0.90000,    0.10000) (   0.10000,    0.90000) (   0.90000,    0.10000) (   0.90000,    0.10000) (   0.90000,    0.10000) (   0.90000,    0.10000) (   0.90000,    0.05000)
(   0.80000,    0.05000) (   0.90000,    0.05000) (   0.90000,    0.05000) (   0.90000,    0.10000) (   0.90000,    0.05000) (   0.10000,    0.90000) (   0.90000,    0.05000) (   0.90000,    0.10000) (   0.90000,    0.10000) (   0.90000,    0.10000)
(   0.80000,    0.05000) (   0.90000,    0.05000) (   0.90000,    0.10000) (   0.90000,    0.10000) (   0.90000,    0.10000) (   0.65000,    0.25000) (   0.10000,    0.90000) (   0.90000,    0.05000) (   0.90000,    0.10000) (   0.90000,    0.05000)
(   0.90000,    0.10000) (   0.65000,    0.25000) (   0.90000,    0.05000) (   0.90000,    0.05000) (   0.90000,    0.05000) (   0.90000,    0.05000) (   0.90000,    0.10000) (   0.10000,    0.90000) (   0.90000,    0.05000) (   0.90000,    0.05000)
(   0.90000,    0.05000) (   0.65000,    0.25000) (   0.80000,    0.05000) (   0.80000,    0.05000) (   0.90000,    0.10000) (   0.90000,    0.05000) (   0.90000,    0.10000) (   0.90000,    0.10000) (   0.10000,    0.90000) (   0.90000,    0.05000)
(   0.90000,    0.05000) (   0.90000,    0.05000) (   0.90000,    0.10000) (   0.90000,    0.05000) (   0.90000,    0.05000) (   0.90000,    0.10000) (   0.90000,    0.05000) (   0.90000,    0.05000) (   0.90000,    0.05000) (   0.10000,    0.90000)

Distance Matrix between IFPIO and IFN1:
   0.00000    0.19715    0.06291    0.04697    0.31129    0.15396    0.24053    0.33142    0.17132    0.42637
   0.47422    0.00000    0.00955    0.28415    0.06355    0.16092    0.14803    0.56907    0.14225    0.47995
   0.42498    0.52541    0.00000    0.07209    0.24855    0.01406    0.25709    0.03421    0.27610    0.00550
   0.09722    0.45796    0.13990    0.00000    0.11235    0.37676    0.01177    0.29079    0.06626    0.14846
   0.17140    0.28063    0.39045    0.16568    0.00000    0.18564    0.02791    0.21143    0.19135    0.11028
   0.13014    0.18833    0.25624    0.25709    0.01675    0.00000    0.24932    0.09463    0.22336    0.26191
   0.41531    0.37147    0.35039    0.19335    0.22329    0.44275    0.00000    0.11322    0.06225    0.23673
   0.28183    0.32868    0.07180    0.02072    0.06355    0.28400    0.01787    0.00000    0.20307    0.14254
   0.13797    0.07554    0.24564    0.20801    0.38068    0.10706    0.09976    0.07943    0.00000    0.28710
   0.20307    0.06355    0.01914    0.02596    0.15698    0.02791    0.02596    0.07180    0.28710    0.00000

Distance Matrix between IFPIO and IFN2:
   0.00000    0.38785    0.24791    0.40072    0.14254    0.30021    0.11322    0.54642    0.08243    0.21988
   0.07203    0.00000    0.39045    0.28415    0.10520    0.30717    0.02072    0.61532    0.25775    0.32005
   0.07123    0.17166    0.00000    0.25709    0.06355    0.01406    0.07209    0.20296    0.12390    0.16325
   0.09722    0.41171    0.19135    0.00000    0.05640    0.37676    0.05802    0.10921    0.25126    0.31721
   0.17140    0.32688    0.00955    0.38068    0.00000    0.37064    0.24291    0.21143    0.13990    0.24347
   0.05486    0.18833    0.25624    0.14291    0.02966    0.00000    0.24932    0.09463    0.02418    0.47691
   0.01883    0.01772    0.35039    0.19335    0.03829    0.25775    0.00000    0.05553    0.06225    0.06798
   0.04942    0.32868    0.28195    0.14803    0.24855    0.21600    0.01787    0.00000    0.15068    0.31129
   0.66203    0.50946    0.50811    0.37676    0.16568    0.50706    0.44649    0.22568    0.00000    0.33335
   0.15068    0.10520    0.19586    0.02043    0.01177    0.24291    0.02043    0.07180    0.33335    0.00000

Distance Matrix between IFPIO and IFN3:
   0.00000    0.41215    0.24791    0.35303    0.44246    0.24604    0.05553    0.25358    0.22868    0.17363
   0.32578    0.00000    0.34420    0.30085    0.24855    0.23908    0.02072    0.18468    0.44275    0.32005
   0.32877    0.22834    0.00000    0.14291    0.15145    0.17094    0.14291    0.24921    0.52390    0.20950
   0.45097    0.45796    0.35490    0.00000    0.10265    0.37699    0.05802    0.10921    0.46626    0.36346
   0.34015    0.32688    0.39045    0.38068    0.00000    0.21436    0.24291    0.18857    0.35490    0.28972
   0.05486    0.31167    0.29001    0.14291    0.01675    0.00000    0.29557    0.09463    0.42289    0.47691
   0.16969    0.20272    0.23461    0.40835    0.22329    0.14225    0.00000    0.24053    0.27725    0.06798
   0.30317    0.25632    0.07180    0.06697    0.10520    0.33025    0.23287    0.00000    0.20307    0.35754
   0.13797    0.07554    0.50811    0.37676    0.16568    0.46081    0.23149    0.17432    0.00000    0.33335
   0.19693    0.15145    0.19586    0.02043    0.05802    0.24291    0.02596    0.11805    0.33335    0.00000

Distance Matrix between IFPIO and IFN4:
   0.00000    0.01215    0.33709    0.44697    0.35754    0.24604    0.15947    0.25358    0.17132    0.21988
   0.07422    0.00000    0.39045    0.49915    0.15145    0.23908    0.06697    0.18468    0.14225    0.32005
   0.07123    0.57166    0.00000    0.14291    0.15145    0.26031    0.14291    0.39704    0.12235    0.16325
   0.30278    0.34204    0.29135    0.00000    0.10265    0.02301    0.05802    0.10921    0.33374    0.43654
   0.41360    0.47312    0.40955    0.41932    0.00000    0.21436    0.40334    0.18857    0.29135    0.35653
   0.13014    0.04208    0.29001    0.14291    0.01675    0.00000    0.10443    0.30963    0.42289    0.32309
   0.16969    0.38228    0.23461    0.39165    0.36171    0.14225    0.00000    0.11322    0.36900    0.36327
   0.09683    0.14368    0.11805    0.06697    0.15145    0.33025    0.31338    0.00000    0.19693    0.44246
   0.13797    0.07554    0.24564    0.37699    0.41932    0.29294    0.35351    0.17432    0.00000    0.46665
   0.20307    0.24855    0.19586    0.02043    0.05802    0.24291    0.02043    0.28195    0.46665    0.00000

Distance Matrix between IFPIO and IFN5:
   0.00000    0.41215    0.24791    0.04697    0.35754    0.19979    0.11322    0.54642    0.58243    0.17363
   0.47422    0.00000    0.40955    0.14710    0.15145    0.23908    0.06697    0.03121    0.01150    0.32005
   0.25623    0.22834    0.00000    0.14291    0.10520    0.33969    0.14291    0.24921    0.30890    0.33675
   0.09722    0.18829    0.35490    0.00000    0.11235    0.20801    0.15698    0.06296    0.06626    0.31721
   0.38640    0.32688    0.34420    0.16568    0.00000    0.58564    0.24291    0.18857    0.35490    0.28972
   0.22361    0.35792    0.24376    0.07209    0.02966    0.00000    0.35068    0.33662    0.22336    0.16934
   0.58406    0.41772    0.56539    0.19335    0.43829    0.01150    0.00000    0.15947    0.27725    0.28298
   0.49683    0.10257    0.11805    0.02072    0.15145    0.31600    0.23287    0.00000    0.19693    0.35754
   0.61578    0.07821    0.33936    0.02301    0.38068    0.13919    0.44649    0.62568    0.00000    0.28710
   0.19693    0.15145    0.35039    0.02596    0.05802    0.40334    0.02043    0.11805    0.28710    0.00000

Distance Matrix between IFNIO and IFN1:
   0.80000    0.17746    0.05072    0.04183    0.40732    0.17759    0.26312    0.04193    0.61840    0.02946
   0.33702    0.80000    0.01532    0.10740    0.44867    0.17802    0.54320    0.15202    0.64656    0.32005
   0.29137    0.18583    0.80000    0.44919    0.26367    0.04194    0.26419    0.37011    0.50688    0.41225
   0.09264    0.36261    0.26639    0.80000    0.50520    0.34571    0.71263    0.29965    0.06216    0.23827
   0.21374    0.43334    0.41532    0.21402    0.80000    0.18265    0.37053    0.21143    0.06486    0.13789
   0.14851    0.07169    0.00233    0.26419    0.75168    0.80000    0.49130    0.31054    0.23650    0.12709
   0.02996    0.34594    0.02593    0.19030    0.15536    0.06156    0.80000    0.61687    0.33981    0.50821
   0.10248    0.06063    0.65283    0.71195    0.44867    0.46202    0.38055    0.80000    0.21097    0.23857
   0.65931    0.71628    0.54337    0.17696    0.42902    0.08863    0.17674    0.36459    0.80000    0.43300
   0.21097    0.44867    0.41325    0.75244    0.54388    0.37053    0.75244    0.65283    0.43300    0.80000

Distance Matrix between IFNIO and IFN2:
   0.80000    0.40754    0.13428    0.31192    0.23857    0.03134    0.61687    0.25693    0.36465    0.61679
   0.20923    0.80000    0.41532    0.10740    0.61742    0.03177    0.71195    0.19827    0.24656    0.47995
   0.06238    0.16792    0.80000    0.26419    0.44867    0.04194    0.44919    0.53886    0.10688    0.58100
   0.09264    0.31636    0.06486    0.80000    0.67395    0.34571    0.75888    0.69965    0.12284    0.40702
   0.21374    0.47959    0.01532    0.42902    0.80000    0.00235    0.58553    0.21143    0.26639    0.49164
   0.33351    0.07169    0.00233    0.66419    0.79793    0.80000    0.49130    0.31054    0.01248    0.34209
   0.46121    0.00781    0.02593    0.19030    0.02964    0.24656    0.80000    0.44812    0.33981    0.33946
   0.22877    0.06063    0.29908    0.54320    0.26367    0.03798    0.38055    0.80000    0.56472    0.40732
   0.14069    0.13128    0.21038    0.34571    0.21402    0.31137    0.36951    0.21834    0.80000    0.47925
   0.56472    0.61742    0.62825    0.79869    0.71263    0.58553    0.79869    0.65283    0.47925    0.80000

Distance Matrix between IFNIO and IFN3:
   0.80000    0.39246    0.13428    0.44183    0.34643    0.57759    0.44812    0.54307    0.21840    0.57054
   0.46298    0.80000    0.36907    0.47760    0.26367    0.57802    0.71195    0.60173    0.06156    0.47995
   0.46238    0.56792    0.80000    0.66419    0.66367    0.22694    0.66419    0.58511    0.29312    0.62725
   0.26111    0.36261    0.48139    0.80000    0.72020    0.40804    0.75888    0.69965    0.33784    0.45327
   0.38249    0.47959    0.41532    0.42902    0.80000    0.58265    0.58553    0.61143    0.48139    0.53789
   0.33351    0.42831    0.54595    0.66419    0.75168    0.80000    0.53755    0.31054    0.40975    0.34209
   0.61496    0.17719    0.55907    0.40530    0.15536    0.64656    0.80000    0.26312    0.55481    0.33946
   0.48252    0.52437    0.65283    0.75820    0.61742    0.50827    0.59555    0.80000    0.21097    0.45357
   0.65931    0.71628    0.21038    0.34571    0.21402    0.26512    0.15451    0.61834    0.80000    0.47925
   0.61097    0.66367    0.62825    0.79869    0.75888    0.58553    0.75244    0.69908    0.47925    0.80000

Distance Matrix between IFNIO and IFN4:
   0.80000    0.00754    0.45072    0.35817    0.45357    0.57759    0.66312    0.54307    0.61840    0.61679
   0.06298    0.80000    0.41532    0.32240    0.66367    0.57802    0.75820    0.60173    0.64656    0.47995
   0.06238    0.23208    0.80000    0.66419    0.66367    0.20431    0.66419    0.06114    0.35313    0.58100
   0.49264    0.43739    0.16486    0.80000    0.72020    0.00804    0.75888    0.69965    0.46216    0.34673
   0.37126    0.32041    0.38468    0.37098    0.80000    0.58265    0.06072    0.61143    0.16486    0.10836
   0.14851    0.07456    0.54595    0.66419    0.75168    0.80000    0.13755    0.52554    0.40975    0.45791
   0.61496    0.40781    0.55907    0.39470    0.42964    0.64656    0.80000    0.61687    0.09144    0.09179
   0.08252    0.12437    0.69908    0.75820    0.66367    0.50827    0.04930    0.80000    0.61097    0.34643
   0.65931    0.71628    0.54337    0.40804    0.37098    0.48863    0.43049    0.61834    0.80000    0.32075
   0.21097    0.26367    0.62825    0.79869    0.75888    0.58553    0.79869    0.29908    0.32075    0.80000

Distance Matrix between IFNIO and IFN5:
   0.80000    0.39246    0.13428    0.04183    0.45357    0.53134    0.61687    0.25693    0.13535    0.57054
   0.33702    0.80000    0.38468    0.32385    0.66367    0.57802    0.75820    0.44798    0.49281    0.47995
   0.12262    0.56792    0.80000    0.66419    0.61742    0.39569    0.66419    0.58511    0.07812    0.08100
   0.09264    0.28364    0.48139    0.80000    0.50520    0.17696    0.54388    0.65340    0.06216    0.40702
   0.42874    0.47959    0.36907    0.21402    0.80000    0.21735    0.58553    0.61143    0.48139    0.53789
   0.50226    0.47456    0.49970    0.44919    0.79793    0.80000    0.10870    0.12071    0.23650    0.30416
   0.13879    0.39219    0.24093    0.19030    0.37036    0.49281    0.80000    0.66312    0.55481    0.55446
   0.31748    0.37062    0.69908    0.71195    0.66367    0.13798    0.59555    0.80000    0.61097    0.45357
   0.09444    0.56253    0.04163    0.00804    0.42902    0.33488    0.36951    0.18166    0.80000    0.43300
   0.61097    0.66367    0.08200    0.75244    0.75888    0.06072    0.79869    0.69908    0.43300    0.80000

Distance Matrix between IFLNIO and IFN1:
   0.00000    0.58500    0.40000    0.40000    0.75375    0.14625    0.00000    0.58500    0.00000    0.00000
   0.80000    0.00000    0.40000    0.58500    0.18500    0.14625    0.00000    0.75375    0.00000    0.00000
   0.75375    0.75375    0.00000    0.18500    0.00000    0.24625    0.00000    0.43125    0.00000    0.33125
   0.40000    0.80000    0.43125    0.00000    0.00000    0.75375    0.16875    0.00000    0.40000    0.58500
   0.58500    0.75375    0.80000    0.58500    0.00000    0.40000    0.43125    0.00000    0.10000    0.24625
   0.00000    0.00000    0.00000    0.00000    0.01875    0.00000    0.60000    0.43125    0.00000    0.58500
   0.58500    0.75375    0.58500    0.58500    0.58500    0.58500    0.00000    0.35375    0.43125    0.60000
   0.58500    0.58500    0.35375    0.16875    0.18500    0.60000    0.33125    0.00000    0.00000    0.58500
   0.00000    0.00000    0.00000    0.58500    0.80000    0.40000    0.25375    0.25375    0.00000    0.75375
   0.00000    0.18500    0.33125    0.01875    0.00000    0.43125    0.01875    0.35375    0.75375    0.00000

Distance Matrix between IFLNIO and IFN2:
   0.00000    0.00000    0.58500    0.75375    0.58500    0.00000    0.35375    0.80000    0.25375    0.64625
   0.25375    0.00000    0.80000    0.58500    0.35375    0.00000    0.16875    0.80000    0.40000    0.80000
   0.40000    0.40000    0.00000    0.00000    0.18500    0.24625    0.18500    0.60000    0.40000    0.50000
   0.40000    0.75375    0.10000    0.00000    0.16875    0.75375    0.21500    0.40000    0.58500    0.75375
   0.58500    0.80000    0.40000    0.80000    0.00000    0.58500    0.64625    0.00000    0.43125    0.60000
   0.18500    0.00000    0.00000    0.40000    0.06500    0.00000    0.60000    0.43125    0.24625    0.80000
   0.15375    0.40000    0.58500    0.58500    0.40000    0.40000    0.00000    0.18500    0.43125    0.43125
   0.25375    0.58500    0.00000    0.00000    0.00000    0.10000    0.33125    0.00000    0.35375    0.75375
   0.80000    0.58500    0.75375    0.75375    0.58500    0.80000    0.80000    0.40000    0.00000    0.80000
   0.35375    0.35375    0.54625    0.06500    0.16875    0.64625    0.06500    0.35375    0.80000    0.00000

Distance Matrix between IFLNIO and IFN3:
   0.00000    0.80000    0.58500    0.00000    0.00000    0.54625    0.18500    0.00000    0.40000    0.60000
   0.00000    0.00000    0.75375    0.00000    0.00000    0.54625    0.16875    0.00000    0.58500    0.80000
   0.00000    0.00000    0.00000    0.40000    0.40000    0.43125    0.40000    0.64625    0.80000    0.54625
   0.75375    0.80000    0.64625    0.00000    0.21500    0.00000    0.21500    0.40000    0.80000    0.80000
   0.75375    0.80000    0.80000    0.80000    0.00000    0.00000    0.64625    0.40000    0.64625    0.64625
   0.18500    0.50000    0.54625    0.40000    0.01875    0.00000    0.64625    0.43125    0.64625    0.80000
   0.00000    0.58500    0.00000    0.80000    0.58500    0.00000    0.00000    0.00000    0.64625    0.43125
   0.00000    0.00000    0.35375    0.21500    0.35375    0.64625    0.54625    0.00000    0.00000    0.80000
   0.00000    0.00000    0.75375    0.75375    0.58500    0.75375    0.58500    0.00000    0.00000    0.80000
   0.40000    0.40000    0.54625    0.06500    0.21500    0.64625    0.01875    0.40000    0.80000    0.00000

Distance Matrix between IFLNIO and IFN4:
   0.00000    0.40000    0.00000    0.80000    0.80000    0.54625    0.40000    0.00000    0.00000    0.64625
   0.40000    0.00000    0.80000    0.80000    0.40000    0.54625    0.21500    0.00000    0.00000    0.80000
   0.40000    0.80000    0.00000    0.40000    0.40000    0.00000    0.40000    0.00000    0.15375    0.50000
   0.00000    0.00000    0.00000    0.00000    0.21500    0.40000    0.21500    0.40000    0.00000    0.00000
   0.00000    0.00000    0.00000    0.00000    0.00000    0.00000    0.00000    0.40000    0.00000    0.00000
   0.00000    0.14625    0.54625    0.40000    0.01875    0.00000    0.24625    0.64625    0.64625    0.00000
   0.00000    0.00000    0.00000    0.00000    0.00000    0.00000    0.00000    0.35375    0.00000    0.00000
   0.40000    0.40000    0.40000    0.21500    0.40000    0.64625    0.00000    0.00000    0.40000    0.00000
   0.00000    0.00000    0.00000    0.00000    0.00000    0.00000    0.00000    0.00000    0.00000    0.00000
   0.00000    0.00000    0.54625    0.06500    0.21500    0.64625    0.06500    0.00000    0.00000    0.00000

Distance Matrix between IFLNIO and IFN5:
   0.00000    0.80000    0.58500    0.40000    0.80000    0.50000    0.35375    0.80000    0.75375    0.60000
   0.80000    0.00000    0.00000    0.15375    0.40000    0.54625    0.21500    0.15375    0.15375    0.80000
   0.58500    0.00000    0.00000    0.40000    0.35375    0.60000    0.40000    0.64625    0.58500    0.00000
   0.40000    0.15375    0.64625    0.00000    0.00000    0.58500    0.00000    0.35375    0.40000    0.75375
   0.80000    0.80000    0.75375    0.58500    0.00000    0.80000    0.64625    0.40000    0.64625    0.64625
   0.35375    0.54625    0.50000    0.18500    0.06500    0.00000    0.00000    0.00000    0.00000    0.15375
   0.75375    0.80000    0.80000    0.58500    0.80000    0.15375    0.00000    0.40000    0.64625    0.64625
   0.80000    0.15375    0.40000    0.16875    0.40000    0.00000    0.54625    0.00000    0.40000    0.80000
   0.75375    0.15375    0.58500    0.40000    0.80000    0.15375    0.80000    0.80000    0.00000    0.75375
   0.40000    0.40000    0.00000    0.01875    0.21500    0.00000    0.06500    0.40000    0.75375    0.00000

Distance Matrix between IFRNIO and IFN1:
   0.00000    0.21500    0.18500    0.41708    0.06333    0.41708    0.41708    0.21500    0.75375    0.66333
   0.00000    0.00000    0.41708    0.21500    0.23208    0.40000    0.23208    0.06333    0.58500    0.80000
   0.00000    0.06333    0.00000    0.21500    0.41708    0.35375    0.40000    0.23208    0.80000    0.23208
   0.35375    0.01708    0.21500    0.00000    0.23208    0.00000    0.06333    0.41708    0.40000    0.23208
   0.23208    0.06333    0.01708    0.21500    0.00000    0.40000    0.21500    0.40000    0.54625    0.41708
   0.35375    0.56333    0.56333    0.40000    0.06333    0.00000    0.06333    0.21500    0.64625    0.21500
   0.16875    0.06333    0.21500    0.21500    0.21500    0.00000    0.00000    0.06333    0.21500    0.06333
   0.21500    0.00000    0.06333    0.06333    0.23208    0.06333    0.21500    0.00000    0.41708    0.23208
   0.81708    0.58500    0.75375    0.16875    0.00000    0.41708    0.54625    0.54625    0.00000    0.06333
   0.41708    0.23208    0.21500    0.06333    0.23208    0.21500    0.06333    0.06333    0.06333    0.00000

Distance Matrix between IFRNIO and IFN2:
   0.00000    0.80000    0.00000    0.06333    0.23208    0.56333    0.06333    0.00000    0.50000    0.01708
   0.54625    0.00000    0.01708    0.21500    0.06333    0.54625    0.06333    0.01708    0.18500    0.00000
   0.35375    0.41708    0.00000    0.40000    0.23208    0.35375    0.21500    0.06333    0.40000    0.06333
   0.35375    0.06333    0.54625    0.00000    0.06333    0.00000    0.01708    0.01708    0.21500    0.06333
   0.23208    0.01708    0.41708    0.00000    0.00000    0.21500    0.00000    0.40000    0.21500    0.06333
   0.16875    0.56333    0.56333    0.00000    0.01708    0.00000    0.06333    0.21500    0.40000    0.00000
   0.60000    0.41708    0.21500    0.21500    0.40000    0.18500    0.00000    0.23208    0.21500    0.23208
   0.54625    0.00000    0.41708    0.23208    0.41708    0.56333    0.21500    0.00000    0.06333    0.06333
   0.01708    0.00000    0.00000    0.00000    0.21500    0.01708    0.00000    0.40000    0.00000    0.01708
   0.06333    0.06333    0.00000    0.01708    0.06333    0.00000    0.01708    0.06333    0.01708    0.00000

Distance Matrix between IFRNIO and IFN3:
   0.00000    0.00000    0.00000    0.81708    0.81708    0.01708    0.23208    0.80000    0.35375    0.06333
   0.80000    0.00000    0.06333    0.80000    0.41708    0.00000    0.06333    0.81708    0.00000    0.00000
   0.75375    0.81708    0.00000    0.00000    0.01708    0.16875    0.00000    0.01708    0.00000    0.01708
   0.00000    0.01708    0.00000    0.00000    0.01708    0.75375    0.01708    0.01708    0.00000    0.01708
   0.06333    0.01708    0.01708    0.00000    0.00000    0.80000    0.00000    0.00000    0.00000    0.01708
   0.16875    0.06333    0.01708    0.00000    0.06333    0.00000    0.01708    0.21500    0.00000    0.00000
   0.75375    0.23208    0.80000    0.00000    0.21500    0.58500    0.00000    0.41708    0.00000    0.23208
   0.80000    0.58500    0.06333    0.01708    0.06333    0.01708    0.00000    0.00000    0.41708    0.01708
   0.81708    0.58500    0.00000    0.00000    0.21500    0.06333    0.21500    0.80000    0.00000    0.01708
   0.01708    0.01708    0.00000    0.01708    0.01708    0.00000    0.06333    0.01708    0.01708    0.00000

Distance Matrix between IFRNIO and IFN4:
   0.00000    0.40000    0.58500    0.01708    0.01708    0.01708    0.01708    0.80000    0.75375    0.01708
   0.40000    0.00000    0.01708    0.00000    0.01708    0.00000    0.01708    0.81708    0.58500    0.00000
   0.35375    0.01708    0.00000    0.00000    0.01708    0.60000    0.00000    0.66333    0.64625    0.06333
   0.75375    0.81708    0.64625    0.00000    0.01708    0.35375    0.01708    0.01708    0.80000    0.81708
   0.81708    0.81708    0.81708    0.80000    0.00000    0.80000    0.64625    0.00000    0.64625    0.66333
   0.35375    0.41708    0.01708    0.00000    0.06333    0.00000    0.41708    0.00000    0.00000    0.80000
   0.75375    0.81708    0.80000    0.80000    0.80000    0.58500    0.00000    0.06333    0.64625    0.66333
   0.40000    0.18500    0.01708    0.01708    0.01708    0.01708    0.54625    0.00000    0.01708    0.81708
   0.81708    0.58500    0.75375    0.75375    0.80000    0.81708    0.80000    0.80000    0.00000    0.81708
   0.41708    0.41708    0.00000    0.01708    0.01708    0.00000    0.01708    0.41708    0.81708    0.00000

Distance Matrix between IFRNIO and IFN5:
   0.00000    0.00000    0.00000    0.41708    0.01708    0.06333    0.06333    0.00000    0.00000    0.06333
   0.00000    0.00000    0.81708    0.64625    0.01708    0.00000    0.01708    0.66333    0.43125    0.00000
   0.16875    0.81708    0.00000    0.00000    0.06333    0.00000    0.00000    0.01708    0.21500    0.56333
   0.35375    0.66333    0.00000    0.00000    0.23208    0.16875    0.23208    0.06333    0.40000    0.06333
   0.01708    0.01708    0.06333    0.21500    0.00000    0.00000    0.00000    0.00000    0.00000    0.01708
   0.00000    0.01708    0.06333    0.21500    0.01708    0.00000    0.66333    0.64625    0.64625    0.64625
   0.00000    0.01708    0.00000    0.21500    0.00000    0.43125    0.00000    0.01708    0.00000    0.01708
   0.00000    0.43125    0.01708    0.06333    0.01708    0.66333    0.00000    0.00000    0.01708    0.01708
   0.06333    0.43125    0.16875    0.35375    0.00000    0.66333    0.00000    0.00000    0.00000    0.06333
   0.01708    0.01708    0.54625    0.06333    0.01708    0.64625    0.01708    0.01708    0.06333    0.00000

DistanceMatrix (Summation of Distance Matrices):
+-------------------------------------------------------+
|       IFPIO | IFNIO | IFLNIO | IFRNIO |
|-------------------------------------------------------|
| Expert_1   17.57113 |   36.58288 |   31.11250 |   24.70625 |
| Expert_2   19.13851 |   38.99408 |   38.33875 |   17.48000 |
| Expert_3   22.26366 |   51.90510 |   37.57500 |   18.24375 |
| Expert_4   21.91484 |   48.00176 |   19.64000 |   36.17875 |
| Expert_5   22.56763 |   45.47344 |   40.26500 |   15.55375 |
+-------------------------------------------------------+

Closeness Coefficients for each Expert:
Expert_1:    0.84022
Expert_2:    0.83205
Expert_3:    0.82872
Expert_4:    0.82571
Expert_5:    0.81780

Table of  μ, ν, and π values for each Expert:
IFN     |      μ     |   ν   | π
--------------------------------------------------
Expert_1|    0.67553 |    0.15978 |    0.16469
Expert_2|    0.67078 |    0.16795 |    0.16127
Expert_3|    0.69982 |    0.17128 |    0.12890
Expert_4|    0.68656 |    0.17429 |    0.13915
Expert_5|    0.66832 |    0.18220 |    0.14947

Weights (W) and Normalized Weights (NW) for each Expert:
Expert     |     W      |     NW
----------------------------------------
Expert_1|    0.80872 |    0.20243
Expert_2|    0.79975 |    0.20018
Expert_3|    0.80338 |    0.20109
Expert_4|    0.79753 |    0.19962
Expert_5|    0.78578 |    0.19668


Expert Weighted IFN Matrices:

Matric 1:
(0.02, 0.18), (0.13, 0.05), (0.10, 0.10), (0.10, 0.10), (0.16, 0.01), (0.10, 0.10), (0.10, 0.10), (0.13, 0.05), (0.02, 0.18), (0.04, 0.13)
(0.18, 0.02), (0.02, 0.18), (0.10, 0.10), (0.13, 0.05), (0.13, 0.05), (0.10, 0.10), (0.13, 0.05), (0.16, 0.01), (0.02, 0.18), (0.02, 0.18)
(0.16, 0.01), (0.16, 0.01), (0.02, 0.18), (0.13, 0.05), (0.10, 0.10), (0.10, 0.10), (0.10, 0.10), (0.13, 0.05), (0.02, 0.18), (0.13, 0.05)
(0.10, 0.10), (0.18, 0.02), (0.13, 0.05), (0.02, 0.18), (0.13, 0.05), (0.16, 0.01), (0.16, 0.01), (0.10, 0.10), (0.10, 0.10), (0.13, 0.05)
(0.13, 0.05), (0.16, 0.01), (0.18, 0.02), (0.13, 0.05), (0.02, 0.18), (0.10, 0.10), (0.13, 0.05), (0.10, 0.10), (0.06, 0.11), (0.10, 0.10)
(0.10, 0.10), (0.06, 0.11), (0.06, 0.11), (0.10, 0.10), (0.16, 0.01), (0.02, 0.18), (0.16, 0.01), (0.13, 0.05), (0.04, 0.13), (0.13, 0.05)
(0.13, 0.05), (0.16, 0.01), (0.13, 0.05), (0.13, 0.05), (0.13, 0.05), (0.13, 0.05), (0.02, 0.18), (0.16, 0.01), (0.13, 0.05), (0.16, 0.01)
(0.13, 0.05), (0.13, 0.05), (0.16, 0.01), (0.16, 0.01), (0.13, 0.05), (0.16, 0.01), (0.13, 0.05), (0.02, 0.18), (0.10, 0.10), (0.13, 0.05)
(0.02, 0.18), (0.02, 0.18), (0.02, 0.18), (0.13, 0.05), (0.18, 0.02), (0.10, 0.10), (0.06, 0.11), (0.06, 0.11), (0.02, 0.18), (0.16, 0.01)
(0.10, 0.10), (0.13, 0.05), (0.13, 0.05), (0.16, 0.01), (0.13, 0.05), (0.13, 0.05), (0.16, 0.01), (0.16, 0.01), (0.16, 0.01), (0.02, 0.18)

Matric 2:
(0.02, 0.18), (0.02, 0.18), (0.13, 0.05), (0.16, 0.01), (0.13, 0.05), (0.06, 0.11), (0.16, 0.01), (0.18, 0.02), (0.06, 0.11), (0.18, 0.02)
(0.06, 0.11), (0.02, 0.18), (0.18, 0.02), (0.13, 0.05), (0.16, 0.01), (0.06, 0.11), (0.16, 0.01), (0.18, 0.02), (0.10, 0.10), (0.18, 0.02)
(0.10, 0.10), (0.10, 0.10), (0.02, 0.18), (0.10, 0.10), (0.13, 0.05), (0.10, 0.10), (0.13, 0.05), (0.16, 0.01), (0.10, 0.10), (0.16, 0.01)
(0.10, 0.10), (0.16, 0.01), (0.06, 0.11), (0.02, 0.18), (0.16, 0.01), (0.16, 0.01), (0.18, 0.02), (0.18, 0.02), (0.13, 0.05), (0.16, 0.01)
(0.13, 0.05), (0.18, 0.02), (0.10, 0.10), (0.18, 0.02), (0.02, 0.18), (0.13, 0.05), (0.18, 0.02), (0.10, 0.10), (0.13, 0.05), (0.16, 0.01)
(0.13, 0.05), (0.06, 0.11), (0.06, 0.11), (0.18, 0.02), (0.18, 0.02), (0.02, 0.18), (0.16, 0.01), (0.13, 0.05), (0.10, 0.10), (0.18, 0.02)
(0.04, 0.13), (0.10, 0.10), (0.13, 0.05), (0.13, 0.05), (0.10, 0.10), (0.10, 0.10), (0.02, 0.18), (0.13, 0.05), (0.13, 0.05), (0.13, 0.05)
(0.06, 0.11), (0.13, 0.05), (0.10, 0.10), (0.13, 0.05), (0.10, 0.10), (0.06, 0.11), (0.13, 0.05), (0.02, 0.18), (0.16, 0.01), (0.16, 0.01)
(0.18, 0.02), (0.13, 0.05), (0.16, 0.01), (0.16, 0.01), (0.13, 0.05), (0.18, 0.02), (0.18, 0.02), (0.10, 0.10), (0.02, 0.18), (0.18, 0.02)
(0.16, 0.01), (0.16, 0.01), (0.18, 0.02), (0.18, 0.02), (0.16, 0.01), (0.18, 0.02), (0.18, 0.02), (0.16, 0.01), (0.18, 0.02), (0.02, 0.18)

Matric 3:
(0.02, 0.18), (0.18, 0.02), (0.13, 0.05), (0.02, 0.18), (0.02, 0.18), (0.18, 0.02), (0.13, 0.05), (0.02, 0.18), (0.10, 0.10), (0.16, 0.01)
(0.02, 0.18), (0.02, 0.18), (0.16, 0.01), (0.02, 0.18), (0.10, 0.10), (0.18, 0.02), (0.16, 0.01), (0.02, 0.18), (0.13, 0.05), (0.18, 0.02)
(0.02, 0.18), (0.02, 0.18), (0.02, 0.18), (0.18, 0.02), (0.18, 0.02), (0.13, 0.05), (0.18, 0.02), (0.18, 0.02), (0.18, 0.02), (0.18, 0.02)
(0.16, 0.01), (0.18, 0.02), (0.18, 0.02), (0.02, 0.18), (0.18, 0.02), (0.02, 0.18), (0.18, 0.02), (0.18, 0.02), (0.18, 0.02), (0.18, 0.02)
(0.16, 0.01), (0.18, 0.02), (0.18, 0.02), (0.18, 0.02), (0.02, 0.18), (0.02, 0.18), (0.18, 0.02), (0.18, 0.02), (0.18, 0.02), (0.18, 0.02)
(0.13, 0.05), (0.16, 0.01), (0.18, 0.02), (0.18, 0.02), (0.16, 0.01), (0.02, 0.18), (0.18, 0.02), (0.13, 0.05), (0.18, 0.02), (0.18, 0.02)
(0.02, 0.18), (0.13, 0.05), (0.02, 0.18), (0.18, 0.02), (0.13, 0.05), (0.02, 0.18), (0.02, 0.18), (0.10, 0.10), (0.18, 0.02), (0.13, 0.05)
(0.02, 0.18), (0.02, 0.18), (0.16, 0.01), (0.18, 0.02), (0.16, 0.01), (0.18, 0.02), (0.18, 0.02), (0.02, 0.18), (0.10, 0.10), (0.18, 0.02)
(0.02, 0.18), (0.02, 0.18), (0.16, 0.01), (0.16, 0.01), (0.13, 0.05), (0.16, 0.01), (0.13, 0.05), (0.02, 0.18), (0.02, 0.18), (0.18, 0.02)
(0.18, 0.02), (0.18, 0.02), (0.18, 0.02), (0.18, 0.02), (0.18, 0.02), (0.18, 0.02), (0.16, 0.01), (0.18, 0.02), (0.18, 0.02), (0.02, 0.18)

Matric 4:
(0.02, 0.18), (0.10, 0.10), (0.02, 0.18), (0.18, 0.02), (0.18, 0.02), (0.18, 0.02), (0.18, 0.02), (0.02, 0.18), (0.02, 0.18), (0.18, 0.02)
(0.10, 0.10), (0.02, 0.18), (0.18, 0.02), (0.18, 0.02), (0.18, 0.02), (0.18, 0.02), (0.18, 0.02), (0.02, 0.18), (0.02, 0.18), (0.18, 0.02)
(0.10, 0.10), (0.18, 0.02), (0.02, 0.18), (0.18, 0.02), (0.18, 0.02), (0.04, 0.13), (0.18, 0.02), (0.04, 0.13), (0.04, 0.13), (0.16, 0.01)
(0.02, 0.18), (0.02, 0.18), (0.04, 0.13), (0.02, 0.18), (0.18, 0.02), (0.10, 0.10), (0.18, 0.02), (0.18, 0.02), (0.02, 0.18), (0.02, 0.18)
(0.02, 0.18), (0.02, 0.18), (0.02, 0.18), (0.02, 0.18), (0.02, 0.18), (0.02, 0.18), (0.04, 0.13), (0.18, 0.02), (0.04, 0.13), (0.04, 0.13)
(0.10, 0.10), (0.10, 0.10), (0.18, 0.02), (0.18, 0.02), (0.16, 0.01), (0.02, 0.18), (0.10, 0.10), (0.18, 0.02), (0.18, 0.02), (0.02, 0.18)
(0.02, 0.18), (0.02, 0.18), (0.02, 0.18), (0.02, 0.18), (0.02, 0.18), (0.02, 0.18), (0.02, 0.18), (0.16, 0.01), (0.04, 0.13), (0.04, 0.13)
(0.10, 0.10), (0.10, 0.10), (0.18, 0.02), (0.18, 0.02), (0.18, 0.02), (0.18, 0.02), (0.06, 0.11), (0.02, 0.18), (0.18, 0.02), (0.02, 0.18)
(0.02, 0.18), (0.02, 0.18), (0.02, 0.18), (0.02, 0.18), (0.02, 0.18), (0.02, 0.18), (0.02, 0.18), (0.02, 0.18), (0.02, 0.18), (0.02, 0.18)
(0.10, 0.10), (0.10, 0.10), (0.18, 0.02), (0.18, 0.02), (0.18, 0.02), (0.18, 0.02), (0.18, 0.02), (0.10, 0.10), (0.02, 0.18), (0.02, 0.18)

Matric 5:
(0.02, 0.18), (0.18, 0.02), (0.13, 0.05), (0.10, 0.10), (0.18, 0.02), (0.16, 0.01), (0.16, 0.01), (0.18, 0.02), (0.16, 0.01), (0.16, 0.01)
(0.18, 0.02), (0.02, 0.18), (0.02, 0.18), (0.04, 0.13), (0.18, 0.02), (0.18, 0.02), (0.18, 0.02), (0.04, 0.13), (0.04, 0.13), (0.18, 0.02)
(0.13, 0.05), (0.02, 0.18), (0.02, 0.18), (0.18, 0.02), (0.16, 0.01), (0.16, 0.01), (0.18, 0.02), (0.18, 0.02), (0.13, 0.05), (0.06, 0.11)
(0.10, 0.10), (0.04, 0.13), (0.18, 0.02), (0.02, 0.18), (0.13, 0.05), (0.13, 0.05), (0.13, 0.05), (0.16, 0.01), (0.10, 0.10), (0.16, 0.01)
(0.18, 0.02), (0.18, 0.02), (0.16, 0.01), (0.13, 0.05), (0.02, 0.18), (0.18, 0.02), (0.18, 0.02), (0.18, 0.02), (0.18, 0.02), (0.18, 0.02)
(0.16, 0.01), (0.18, 0.02), (0.16, 0.01), (0.13, 0.05), (0.18, 0.02), (0.02, 0.18), (0.04, 0.13), (0.04, 0.13), (0.04, 0.13), (0.04, 0.13)
(0.16, 0.01), (0.18, 0.02), (0.18, 0.02), (0.13, 0.05), (0.18, 0.02), (0.04, 0.13), (0.02, 0.18), (0.18, 0.02), (0.18, 0.02), (0.18, 0.02)
(0.18, 0.02), (0.04, 0.13), (0.18, 0.02), (0.16, 0.01), (0.18, 0.02), (0.04, 0.13), (0.18, 0.02), (0.02, 0.18), (0.18, 0.02), (0.18, 0.02)
(0.16, 0.01), (0.04, 0.13), (0.13, 0.05), (0.10, 0.10), (0.18, 0.02), (0.04, 0.13), (0.18, 0.02), (0.18, 0.02), (0.02, 0.18), (0.16, 0.01)
(0.18, 0.02), (0.18, 0.02), (0.06, 0.11), (0.16, 0.01), (0.18, 0.02), (0.04, 0.13), (0.18, 0.02), (0.18, 0.02), (0.16, 0.01), (0.02, 0.18)

Intuitionistic Fuzzy Weight Aggregated Inter-influence Matrix (IFWAIIM):
(0.10, 0.90), (0.48, 0.50), (0.42, 0.54), (0.45, 0.54), (0.53, 0.44), (0.63, 0.30), (0.71, 0.21), (0.35, 0.64), (0.26, 0.71), (0.63, 0.24)
(0.41, 0.55), (0.10, 0.90), (0.51, 0.48), (0.38, 0.55), (0.73, 0.22), (0.64, 0.30), (0.80, 0.11), (0.27, 0.69), (0.23, 0.74), (0.58, 0.42)
(0.42, 0.55), (0.33, 0.66), (0.10, 0.90), (0.75, 0.23), (0.73, 0.22), (0.48, 0.43), (0.75, 0.23), (0.61, 0.27), (0.36, 0.59), (0.65, 0.23)
(0.40, 0.59), (0.42, 0.51), (0.50, 0.37), (0.10, 0.90), (0.77, 0.15), (0.46, 0.49), (0.82, 0.12), (0.78, 0.19), (0.43, 0.56), (0.52, 0.43)
(0.50, 0.45), (0.57, 0.41), (0.50, 0.48), (0.51, 0.46), (0.10, 0.90), (0.31, 0.68), (0.62, 0.28), (0.71, 0.29), (0.50, 0.38), (0.58, 0.33)
(0.61, 0.33), (0.50, 0.39), (0.57, 0.31), (0.75, 0.23), (0.84, 0.07), (0.10, 0.90), (0.57, 0.32), (0.55, 0.33), (0.44, 0.45), (0.40, 0.54)
(0.25, 0.70), (0.47, 0.50), (0.33, 0.65), (0.48, 0.48), (0.45, 0.52), (0.23, 0.73), (0.10, 0.90), (0.71, 0.21), (0.58, 0.31), (0.57, 0.30)
(0.39, 0.57), (0.34, 0.60), (0.76, 0.18), (0.80, 0.11), (0.73, 0.22), (0.52, 0.34), (0.63, 0.27), (0.10, 0.90), (0.69, 0.28), (0.53, 0.43)
(0.23, 0.76), (0.17, 0.81), (0.33, 0.63), (0.46, 0.49), (0.51, 0.46), (0.37, 0.57), (0.44, 0.51), (0.27, 0.71), (0.10, 0.90), (0.55, 0.41)
(0.69, 0.28), (0.73, 0.22), (0.68, 0.24), (0.86, 0.08), (0.82, 0.12), (0.63, 0.28), (0.86, 0.08), (0.76, 0.18), (0.55, 0.41), (0.10, 0.90)

Crisp Inter-Influence Matrix (CIIM):
0.10, 0.49, 0.44, 0.45, 0.55, 0.66, 0.75, 0.35, 0.28, 0.70
0.43, 0.10, 0.52, 0.41, 0.76, 0.67, 0.85, 0.29, 0.25, 0.58
0.43, 0.33, 0.10, 0.76, 0.76, 0.53, 0.76, 0.67, 0.38, 0.71
0.41, 0.45, 0.56, 0.10, 0.81, 0.48, 0.85, 0.79, 0.44, 0.55
0.52, 0.58, 0.51, 0.52, 0.10, 0.31, 0.67, 0.71, 0.56, 0.62
0.64, 0.56, 0.63, 0.76, 0.88, 0.10, 0.62, 0.61, 0.49, 0.43
0.28, 0.49, 0.34, 0.50, 0.47, 0.25, 0.10, 0.75, 0.64, 0.64
0.41, 0.37, 0.79, 0.85, 0.76, 0.59, 0.68, 0.10, 0.71, 0.55
0.24, 0.18, 0.35, 0.49, 0.52, 0.40, 0.46, 0.28, 0.10, 0.57
0.71, 0.76, 0.72, 0.89, 0.85, 0.67, 0.89, 0.79, 0.57, 0.10

========================================
Maximum Value in CIIM: 6.95
========================================

Normalized Inter-Influence Matrix (N-IIM):
0.01, 0.07, 0.06, 0.07, 0.08, 0.10, 0.11, 0.05, 0.04, 0.10
0.06, 0.01, 0.07, 0.06, 0.11, 0.10, 0.12, 0.04, 0.04, 0.08
0.06, 0.05, 0.01, 0.11, 0.11, 0.08, 0.11, 0.10, 0.06, 0.10
0.06, 0.07, 0.08, 0.01, 0.12, 0.07, 0.12, 0.11, 0.06, 0.08
0.08, 0.08, 0.07, 0.08, 0.01, 0.05, 0.10, 0.10, 0.08, 0.09
0.09, 0.08, 0.09, 0.11, 0.13, 0.01, 0.09, 0.09, 0.07, 0.06
0.04, 0.07, 0.05, 0.07, 0.07, 0.04, 0.01, 0.11, 0.09, 0.09
0.06, 0.05, 0.11, 0.12, 0.11, 0.09, 0.10, 0.01, 0.10, 0.08
0.03, 0.03, 0.05, 0.07, 0.08, 0.06, 0.07, 0.04, 0.01, 0.08
0.10, 0.11, 0.10, 0.13, 0.12, 0.10, 0.13, 0.11, 0.08, 0.01

Inverse of (I - n_iim):
[1.19, 0.25, 0.27, 0.30, 0.34, 0.28, 0.37, 0.28, 0.23, 0.32]
[0.24, 1.20, 0.28, 0.30, 0.36, 0.28, 0.38, 0.27, 0.23, 0.30]
[0.26, 0.25, 1.25, 0.37, 0.40, 0.29, 0.41, 0.35, 0.27, 0.35]
[0.25, 0.27, 0.31, 1.28, 0.40, 0.28, 0.42, 0.36, 0.27, 0.33]
[0.25, 0.27, 0.29, 0.32, 1.29, 0.25, 0.38, 0.34, 0.28, 0.32]
[0.29, 0.29, 0.33, 0.38, 0.42, 1.24, 0.40, 0.35, 0.29, 0.32]
[0.20, 0.23, 0.24, 0.29, 0.31, 0.21, 1.26, 0.31, 0.26, 0.29]
[0.26, 0.26, 0.35, 0.39, 0.41, 0.30, 0.41, 1.29, 0.32, 0.34]
[0.17, 0.17, 0.21, 0.25, 0.27, 0.20, 0.27, 0.22, 1.16, 0.25]
[0.34, 0.36, 0.39, 0.45, 0.48, 0.36, 0.50, 0.43, 0.34, 1.33]

Total Inter-Influence Matrix (T-IIM):
0.19, 0.25, 0.27, 0.30, 0.34, 0.28, 0.37, 0.28, 0.23, 0.32
0.24, 0.20, 0.28, 0.30, 0.36, 0.28, 0.38, 0.27, 0.23, 0.30
0.26, 0.25, 0.25, 0.37, 0.40, 0.29, 0.41, 0.35, 0.27, 0.35
0.25, 0.27, 0.31, 0.28, 0.40, 0.28, 0.42, 0.36, 0.27, 0.33
0.25, 0.27, 0.29, 0.32, 0.29, 0.25, 0.38, 0.34, 0.28, 0.32
0.29, 0.29, 0.33, 0.38, 0.42, 0.24, 0.40, 0.35, 0.29, 0.32
0.20, 0.23, 0.24, 0.29, 0.31, 0.21, 0.26, 0.31, 0.26, 0.29
0.26, 0.26, 0.35, 0.39, 0.41, 0.30, 0.41, 0.29, 0.32, 0.34
0.17, 0.17, 0.21, 0.25, 0.27, 0.20, 0.27, 0.22, 0.16, 0.25
0.34, 0.36, 0.39, 0.45, 0.48, 0.36, 0.50, 0.43, 0.34, 0.33

========================================
Threshold : 0.30
========================================

========================================
Minimum : 0.16
========================================

========================================
Maximum : 0.50
========================================

 Normalized Total Inter-Influence Matrix (N-TIIM):
-0.34, -0.15, -0.11, -0.01, 0.10, -0.07, 0.20, -0.07, -0.22, 0.04
-0.20, -0.31, -0.08, -0.02, 0.18, -0.07, 0.24, -0.09, -0.23, 0.00
-0.14, -0.15, -0.16, 0.20, 0.28, -0.05, 0.31, 0.14, -0.10, 0.14
-0.16, -0.11, 0.01, -0.07, 0.29, -0.08, 0.33, 0.18, -0.08, 0.07
-0.15, -0.10, -0.05, 0.05, -0.04, -0.17, 0.21, 0.09, -0.08, 0.05
-0.04, -0.05, 0.06, 0.22, 0.35, -0.20, 0.29, 0.14, -0.04, 0.06
-0.31, -0.21, -0.19, -0.05, 0.01, -0.27, -0.12, 0.02, -0.12, -0.03
-0.13, -0.11, 0.13, 0.26, 0.32, -0.00, 0.32, -0.05, 0.05, 0.11
-0.40, -0.41, -0.29, -0.17, -0.10, -0.31, -0.10, -0.26, -0.43, -0.16
0.10, 0.16, 0.24, 0.43, 0.52, 0.16, 0.57, 0.36, 0.12, 0.08

Degrees of Influence (Dinf) for each row:
0.34 0.42 1.06 0.87 0.41 1.12 0.03 1.19 0.00 2.74

Degrees of Dependence (Ddep) for each column:
0.10 0.16 0.45 1.16 2.04 0.16 2.47 0.93 0.17 0.55
\Inter-Reachability Matrix:
0.00, 0.00, 0.00, 0.00, 1.00, 0.00, 1.00, 0.00, 0.00, 1.00
0.00, 0.00, 0.00, 0.00, 1.00, 0.00, 1.00, 0.00, 0.00, 1.00
0.00, 0.00, 0.00, 1.00, 1.00, 0.00, 1.00, 1.00, 0.00, 1.00
0.00, 0.00, 1.00, 0.00, 1.00, 0.00, 1.00, 1.00, 0.00, 1.00
0.00, 0.00, 0.00, 1.00, 0.00, 0.00, 1.00, 1.00, 0.00, 1.00
0.00, 0.00, 1.00, 1.00, 1.00, 0.00, 1.00, 1.00, 0.00, 1.00
0.00, 0.00, 0.00, 0.00, 1.00, 0.00, 0.00, 1.00, 0.00, 0.00
0.00, 0.00, 1.00, 1.00, 1.00, 0.00, 1.00, 0.00, 1.00, 1.00
0.00, 0.00, 0.00, 0.00, 0.00, 0.00, 0.00, 0.00, 0.00, 0.00
1.00, 1.00, 1.00, 1.00, 1.00, 1.00, 1.00, 1.00, 1.00, 1.00

 number of Influenced (#influenced) for each row:
3.00 3.00 5.00 5.00 4.00 6.00 2.00 6.00 0.00 10.00
 number of Influent (#influent) for each column:
1.00 1.00 4.00 5.00 8.00 1.00 8.00 6.00 2.00 8.00

Table of Metrics:
Factors  #influenced  #influent  #influenced + #influent  #influenced - #influent    D'inf    D'dep  D'inf + D'dep  D'inf - D'dep        CI   Type
     F1            3          1                        4                        2 0.344325 0.101763       0.446088       0.242561  0.221281  Cause
     F2            3          1                        4                        2 0.424166 0.156004       0.580170       0.268162  0.234081  Cause
     F3            5          4                        9                        1 1.060280 0.449404       1.509685       0.610876  0.355438  Cause
     F4            5          5                       10                        0 0.874195 1.163105       2.037300      -0.288909 -0.144455 Effect
     F5            4          8                       12                       -4 0.411905 2.044621       2.456526      -1.632716 -1.016358 Effect
     F6            6          1                        7                        5 1.117431 0.158410       1.275840       0.959021  0.729510  Cause
     F7            2          8                       10                       -6 0.030324 2.467821       2.498145      -2.437497 -1.518749 Effect
     F8            6          6                       12                        0 1.187582 0.933526       2.121108       0.254057  0.127028  Cause
     F9            0          2                        2                       -2 0.000000 0.165994       0.165994      -0.165994 -0.182997 Effect
    F10           10          8                       18                        2 2.744919 0.554479       3.299398       2.190440  1.195220  Cause


Self-group Importance for cause factors
CAUSE_FACTORS  CI_WEIGHTS  CAUSE_DRIVE[CDr]  CD_WEIGHTS  CAUSE_DEPENDENCIES[CDp]    C_SGI
           F1    0.166667          0.318422    0.166667                 0.337974 0.012992
           F2    0.166667          0.304956    0.166667                 0.356314 0.013032
           F3    0.333333          0.700883    0.500000                 1.058548 0.142983
           F6    0.500000          0.998500    0.166667                 0.357127 0.108762
           F8    0.333333          0.689290    0.500000                 1.127410 0.146029
          F10    1.000000          1.862708    1.000000                 1.637387 1.079578


Inter-group Importance for cause factors
CAUSE_FACTORS  EI_WEIGHTS  EFFECT_DRIVE[EDr]    C_IGI
           F1        0.00           0.000000 0.000000
           F2        0.00           0.000000 0.000000
           F3        0.25           0.307666 0.017334
           F6        0.00           0.000000 0.000000
           F8        0.75           1.009628 0.282601
          F10        0.50           0.648321 0.100648


Self-group Importance for effect factors
EFFECT_FACTORS  EI_WEIGHTS  EFFECT_DRIVE[EDr]  ED_WEIGHTS  EFFECT_DEPENDENCIES[EDp]    E_SGI
            F4        0.50           0.815658        0.25                  0.321224 0.130604
            F5        0.50           0.696624        0.50                  0.706852 0.209423
            F7        0.25           0.306432        0.50                  0.790639 0.128446
            F9        0.00           0.000000        0.00                  0.000000 0.000000


Inter-group Importance for effect factors
EFFECT_FACTORS  CI_WEIGHTS  EC_FEEDBACK  CD_WEIGHT  EFFECT_DEPENDENCIES[EDp]    E_IGI
            F4    0.500000     0.997754   0.666667                  1.589877 0.330730
            F5    0.333333     0.656911   1.000000                  2.413008 0.670932
            F7    0.166667     0.310951   1.000000                  2.472317 0.648237
            F9    0.000000     0.000000   0.333333                  0.663256 0.036942


System Importance for All Factors
FACTORS    S_IMP
     F1 0.003201
     F2 0.003210
     F3 0.039494
     F4 0.113649
     F5 0.216875
     F6 0.026794
     F7 0.191336
     F8 0.105593
     F9 0.009101
    F10 0.290748

